0.5&0.056&0.064&0.065&0.065&0.065&0.064&0.056\\ 
0.056&0.5&0.056&0.064&0.065&0.065&0.065&0.064\\ 
0.064&0.056&0.5&0.056&0.064&0.065&0.065&0.065\\ 
0.065&0.064&0.056&0.5&0.056&0.064&0.065&0.065\\ 
0.065&0.065&0.064&0.056&0.5&0.056&0.064&0.065\\ 
0.065&0.065&0.065&0.064&0.056&0.5&0.056&0.064\\ 
0.064&0.065&0.065&0.065&0.064&0.056&0.5&0.056\\ 
0.056&0.064&0.065&0.065&0.065&0.064&0.056&0.5\\ 
